t = [['An Giang'], ['Đồng Tháp'], ['Long An'], ['Tiền Giang'], ['Cần Thơ'], ['Kiên Giang'], ['Hậu Giang'], ['Vĩnh Long'], ['Bến Tre'], ['Trà Vinh'], ['Sóc Trăng'], ['Bạc Liêu'], ['Cà Mau']]
a = [[0, 1, 0, 0, 1, 1, 0, 0, 0, 0, 0, 0, 0], 
     [1, 0, 1, 1, 1, 0, 0, 1, 0, 0, 0, 0, 0], 
     [0, 1, 0, 1, 0, 0, 0, 0, 0, 0, 0, 0, 0], 
     [0, 1, 1, 0, 0, 0, 0, 1, 1, 0, 0, 0, 0], 
     [1, 1, 0, 0, 0, 1, 1, 1, 0, 0, 0, 0, 0], 
     [1, 0, 0, 0, 1, 0, 1, 0, 0, 0, 0, 1, 1], 
     [0, 0, 0, 0, 1, 1, 0, 1, 0, 0, 1, 1, 0],
     [0, 1, 0, 1, 1, 0, 1, 0, 1, 1, 1, 0, 0],
     [0, 0, 0, 1, 0, 0, 0, 1, 0, 1, 0, 0, 0],
     [0, 0, 0, 0, 0, 0, 0, 1, 1, 0, 1, 0, 0],
     [0, 0, 0, 0, 0, 0, 1, 1, 0, 1, 0, 1, 0],
     [0, 0, 0, 0, 0, 1, 1, 0, 0, 0, 1, 0, 1],
     [0, 0, 0, 0, 0, 1, 0, 0, 0, 0, 0, 1, 0]]
b = []
#m = [[], [], [], [], [], [], [], [], [], [], [], [], []]
#sm = []
#z = 1
for i in range(13):
    s = 0
    for j in a[i]:
        s = s + j
    t[i] = t[i] +[s]
    b = b + [s]
print (t)
